0000
0001
0002
3333
4444
5555
6666
7777
CCCC
0000
1111
2222
3333
4444
5555
6666
7777
CCCC
0000
1111
2222
3333
4444
5555
6666
7777
CCCC
0000
1111
2222
3333
4444
5555
6666
7777
CCCC
0000
1111
2222
3333
4444
5555
6666
7777
CCCC
0000
1111
2222
3333
4444
5555
6666
7777
CCCC
0000
1111
2222
3333
4444
5555
6666
7777
CCCC
0000
1111
2222
3333
4444
5555
6666
7777
CCCC
0000
1111
2222
3333
4444
5555
6666
7777
CCCC
0000
1111
2222
3333
4444
5555
6666
7777
CCCC
0000
1111
2222
3333
4444
5555
6666
7777
CCCC
0000
1111
2222
3333
4444
5555
6666
7777
CCCC
0000
1111
2222
3333
4444
5555
6666
7777
CCCC
0000
1111
2222
3333
4444
5555
6666
7777
CCCC
0000
1111
2222
3333
4444
5555
6666
7777
CCCC
0000
1111
2222
3333
4444
5555
6666
7777
CCCC
0000
1111
2222
3333
4444
5555
6666
7777
CCCC
0000
1111
2222
3333
4444
5555
6666
7777
CCCC