0011000000000010
0001001100001001

0001011100001001

0001101100001001

0001111100001001

0001001000001001

0001011000001001

0001101000001001

0001111000001001

0001000111001001

0001010111001001
0001100111001001
0001110111001001
0001000011001001
0001010011001001
0001100011001001
0001110011001001
1000000101001000
1000001001001000
1000001101001000
1000010001001000
1000010101001000
1000011001001000
1000011101001000
1000100001001000
1000100101001000
1000101001001000
1000101101001000
1000110001001000
1000000001001000
1001101111001001
1010101111001001
1100101101001000
1101101111001001
1110101111001001
0000101101000001
0000101101000010
0000101101000011
1011101101001000
1111101101001000
0111101111001001
0110101111001001
0100101101001000
0101101101001000
0011101101111000
0001101111001001
0010101111001001